Frequência (Hz)	Nível (dB)
43,066406	-0,549434
86,132812	-11,606190
129,199219	-17,034901
172,265625	-19,208755
215,332031	-20,294357
258,398438	-22,376371
301,464844	-23,180719
344,531250	-23,126369
387,597656	-25,045090
430,664062	-27,078470
473,730469	-27,355032
516,796875	-27,370478
559,863281	-25,589781
602,929688	-25,641504
645,996094	-29,010956
689,062500	-27,686531
732,128906	-27,460558
775,195312	-29,421534
818,261719	-30,025146
861,328125	-30,264524
904,394531	-31,355577
947,460938	-34,193230
990,527344	-34,826229
1033,593750	-33,611881
1076,660156	-33,190311
1119,726562	-34,186821
1162,792969	-31,701685
1205,859375	-32,607128
1248,925781	-32,948147
1291,992188	-33,086285
1335,058594	-34,479080
1378,125000	-36,862316
1421,191406	-37,350883
1464,257812	-36,749931
1507,324219	-36,278748
1550,390625	-34,917801
1593,457031	-37,264614
1636,523438	-38,084633
1679,589844	-36,490410
1722,656250	-34,793182
1765,722656	-35,341888
1808,789062	-37,794910
1851,855469	-36,973850
1894,921875	-36,127300
1937,988281	-37,971119
1981,054688	-36,769142
2024,121094	-34,306450
2067,187500	-35,213245
2110,253906	-35,150806
2153,320312	-32,865425
2196,386719	-35,212357
2239,453125	-39,483677
2282,519531	-37,197758
2325,585938	-37,433784
2368,652344	-40,430069
2411,718750	-40,385132
2454,785156	-37,665661
2497,851562	-36,354465
2540,917969	-37,940334
2583,984375	-37,818600
2627,050781	-39,192066
2670,117188	-41,501987
2713,183594	-38,566879
2756,250000	-35,521095
2799,316406	-37,149277
2842,382812	-40,986164
2885,449219	-39,607471
2928,515625	-39,285900
2971,582031	-42,579033
3014,648438	-38,645351
3057,714844	-33,544006
3100,781250	-33,630920
3143,847656	-36,786484
3186,914062	-38,705021
3229,980469	-38,868954
3273,046875	-39,396950
3316,113281	-40,245605
3359,179688	-38,686958
3402,246094	-38,865498
3445,312500	-38,023174
3488,378906	-39,457027
3531,445312	-41,445034
3574,511719	-44,398144
3617,578125	-41,764557
3660,644531	-41,144814
3703,710938	-42,704620
3746,777344	-42,879925
3789,843750	-38,100300
3832,910156	-37,948208
3875,976562	-38,893204
3919,042969	-38,204086
3962,109375	-38,634907
4005,175781	-37,604378
4048,242188	-40,703915
4091,308594	-42,688808
4134,375000	-43,492142
4177,441406	-44,093544
4220,507812	-45,357822
4263,574219	-43,167595
4306,640625	-42,744965
4349,707031	-43,234657
4392,773438	-43,438141
4435,839844	-44,417313
4478,906250	-45,063969
4521,972656	-45,569874
4565,039062	-45,329182
4608,105469	-46,162388
4651,171875	-44,889694
4694,238281	-45,886684
4737,304688	-46,541775
4780,371094	-46,792915
4823,437500	-45,287136
4866,503906	-44,968590
4909,570312	-43,420925
4952,636719	-42,221527
4995,703125	-42,672062
5038,769531	-42,868465
5081,835938	-42,873798
5124,902344	-43,388351
5167,968750	-44,566486
5211,035156	-44,557323
5254,101562	-42,706844
5297,167969	-42,103451
5340,234375	-44,756348
5383,300781	-44,953068
5426,367188	-44,505192
5469,433594	-44,544197
5512,500000	-42,873791
5555,566406	-42,848129
5598,632812	-42,955765
5641,699219	-43,146587
5684,765625	-41,625175
5727,832031	-41,141880
5770,898438	-42,923161
5813,964844	-44,228954
5857,031250	-45,366413
5900,097656	-46,118652
5943,164062	-45,305199
5986,230469	-45,177498
6029,296875	-44,999821
6072,363281	-45,244465
6115,429688	-44,699600
6158,496094	-46,362160
6201,562500	-46,407215
6244,628906	-43,779339
6287,695312	-45,184849
6330,761719	-48,967625
6373,828125	-50,518040
6416,894531	-50,245678
6459,960938	-50,232700
6503,027344	-46,019375
6546,093750	-44,569790
6589,160156	-46,507431
6632,226562	-47,641182
6675,292969	-48,339680
6718,359375	-49,111019
6761,425781	-47,097034
6804,492188	-45,914921
6847,558594	-44,269024
6890,625000	-43,060867
6933,691406	-46,733009
6976,757812	-51,218086
7019,824219	-50,284172
7062,890625	-49,693001
7105,957031	-50,727470
7149,023438	-50,624214
7192,089844	-47,794456
7235,156250	-45,134098
7278,222656	-44,551575
7321,289062	-44,561375
7364,355469	-44,598347
7407,421875	-47,073215
7450,488281	-47,502110
7493,554688	-48,834629
7536,621094	-48,030987
7579,687500	-48,255569
7622,753906	-46,517288
7665,820312	-44,757618
7708,886719	-46,835098
7751,953125	-48,397079
7795,019531	-47,389599
7838,085938	-45,893021
7881,152344	-47,229931
7924,218750	-46,996151
7967,285156	-45,746353
8010,351562	-43,446884
8053,417969	-44,221951
8096,484375	-45,087811
8139,550781	-45,807541
8182,617188	-45,829288
8225,683594	-46,680439
8268,750000	-46,930473
8311,816406	-47,999897
8354,882812	-52,134670
8397,949219	-50,503918
8441,015625	-46,303406
8484,082031	-45,155247
8527,148438	-47,551998
8570,214844	-50,203304
8613,281250	-51,352894
8656,347656	-51,102825
8699,414062	-49,256981
8742,480469	-49,149982
8785,546875	-49,450329
8828,613281	-49,646057
8871,679688	-49,891903
8914,746094	-50,448109
8957,812500	-51,849331
9000,878906	-52,906929
9043,945312	-53,219814
9087,011719	-50,867500
9130,078125	-49,604774
9173,144531	-48,646076
9216,210938	-46,618587
9259,277344	-48,340397
9302,343750	-51,016228
9345,410156	-52,841721
9388,476562	-52,925152
9431,542969	-52,491692
9474,609375	-53,931072
9517,675781	-51,765762
9560,742188	-51,372562
9603,808594	-50,306927
9646,875000	-50,432079
9689,941406	-52,262745
9733,007812	-50,299553
9776,074219	-49,274784
9819,140625	-50,256184
9862,207031	-52,012680
9905,273438	-50,780422
9948,339844	-49,025627
9991,406250	-50,075916
10034,472656	-52,953018
10077,539062	-52,120407
10120,605469	-52,980553
10163,671875	-53,503277
10206,738281	-53,801323
10249,804688	-55,370491
10292,871094	-56,302067
10335,937500	-52,997974
10379,003906	-51,046528
10422,070312	-53,293362
10465,136719	-52,582211
10508,203125	-48,552700
10551,269531	-48,805775
10594,335938	-51,553188
10637,402344	-51,677444
10680,468750	-51,035511
10723,535156	-51,830090
10766,601562	-52,052120
10809,667969	-51,348492
10852,734375	-51,815586
10895,800781	-54,795818
10938,867188	-54,017540
10981,933594	-52,259575
11025,000000	-51,623425
11068,066406	-51,618744
11111,132812	-51,367157
11154,199219	-53,516113
11197,265625	-52,716908
11240,332031	-49,823544
11283,398438	-50,330368
11326,464844	-50,707424
11369,531250	-52,818264
11412,597656	-53,276489
11455,664062	-51,425644
11498,730469	-51,574810
11541,796875	-53,598244
11584,863281	-55,069180
11627,929688	-53,035763
11670,996094	-52,043945
11714,062500	-55,545513
11757,128906	-53,961407
11800,195312	-52,780830
11843,261719	-52,478561
11886,328125	-55,006371
11929,394531	-53,642605
11972,460938	-51,517471
12015,527344	-53,950912
12058,593750	-55,781590
12101,660156	-56,941734
12144,726562	-53,306377
12187,792969	-52,414093
12230,859375	-54,737312
12273,925781	-52,624275
12316,992188	-52,210094
12360,058594	-52,240417
12403,125000	-52,030666
12446,191406	-52,920403
12489,257812	-51,408173
12532,324219	-51,108772
12575,390625	-52,647388
12618,457031	-56,212391
12661,523438	-57,546726
12704,589844	-51,924927
12747,656250	-48,819218
12790,722656	-48,923649
12833,789062	-52,440495
12876,855469	-53,695522
12919,921875	-53,917316
12962,988281	-53,158180
13006,054688	-52,512978
13049,121094	-49,655994
13092,187500	-50,857800
13135,253906	-54,909122
13178,320312	-51,941151
13221,386719	-51,171841
13264,453125	-53,747532
13307,519531	-53,891140
13350,585938	-51,650841
13393,652344	-55,001652
13436,718750	-56,243504
13479,785156	-51,592850
13522,851562	-52,037670
13565,917969	-54,042957
13608,984375	-52,462185
13652,050781	-54,810387
13695,117188	-55,554859
13738,183594	-56,198898
13781,250000	-56,985962
13824,316406	-58,747086
13867,382812	-55,532864
13910,449219	-52,235920
13953,515625	-53,118774
13996,582031	-53,424747
14039,648438	-53,412018
14082,714844	-53,088486
14125,781250	-52,911621
14168,847656	-52,918991
14211,914062	-52,952999
14254,980469	-53,531258
14298,046875	-52,314373
14341,113281	-52,922665
14384,179688	-54,559498
14427,246094	-54,861862
14470,312500	-53,718578
14513,378906	-51,762764
14556,445312	-50,603722
14599,511719	-52,551262
14642,578125	-54,952698
14685,644531	-55,300827
14728,710938	-55,927151
14771,777344	-55,874649
14814,843750	-55,720142
14857,910156	-53,883072
14900,976562	-53,627151
14944,042969	-56,140991
14987,109375	-58,029137
15030,175781	-57,310696
15073,242188	-55,028919
15116,308594	-51,808563
15159,375000	-53,632164
15202,441406	-56,649651
15245,507812	-55,250751
15288,574219	-56,004417
15331,640625	-57,656986
15374,707031	-60,144413
15417,773438	-58,578350
15460,839844	-57,093613
15503,906250	-53,947250
15546,972656	-53,206772
15590,039062	-55,619736
15633,105469	-54,296963
15676,171875	-55,329506
15719,238281	-57,386528
15762,304688	-54,294209
15805,371094	-50,128342
15848,437500	-51,846928
15891,503906	-52,089066
15934,570312	-48,970692
15977,636719	-50,538879
16020,703125	-53,232727
16063,769531	-54,208481
16106,835938	-52,521046
16149,902344	-51,745872
16192,968750	-48,104656
16236,035156	-48,698627
16279,101562	-50,714680
16322,167969	-51,718365
16365,234375	-50,498661
16408,300781	-51,270920
16451,367188	-53,243240
16494,433594	-52,399826
16537,500000	-52,180096
16580,566406	-56,949715
16623,632812	-56,679932
16666,699219	-52,844772
16709,765625	-54,432354
16752,832031	-56,372372
16795,898438	-55,888042
16838,964844	-54,212837
16882,031250	-51,979290
16925,097656	-50,120140
16968,164062	-49,989143
17011,230469	-49,583122
17054,296875	-49,976555
17097,363281	-50,549217
17140,429688	-50,766811
17183,496094	-51,357792
17226,562500	-52,729187
17269,628906	-53,664745
17312,695312	-55,872437
17355,761719	-56,841125
17398,828125	-56,344551
17441,894531	-56,121590
17484,960938	-55,282822
17528,027344	-55,621712
17571,093750	-55,359951
17614,160156	-53,917027
17657,226562	-53,945530
17700,292969	-55,067276
17743,359375	-54,115273
17786,425781	-54,642677
17829,492188	-56,898777
17872,558594	-56,248837
17915,625000	-55,111168
17958,691406	-53,660767
18001,757812	-53,443317
18044,824219	-54,927109
18087,890625	-58,642677
18130,957031	-57,741577
18174,023438	-53,960949
18217,089844	-53,900597
18260,156250	-58,894123
18303,222656	-59,483128
18346,289062	-57,547905
18389,355469	-58,616917
18432,421875	-56,858948
18475,488281	-58,699863
18518,554688	-55,966125
18561,621094	-54,437092
18604,687500	-54,673241
18647,753906	-54,126526
18690,820312	-55,868958
18733,886719	-55,629005
18776,953125	-58,970078
18820,019531	-58,807652
18863,085938	-56,037098
18906,152344	-53,336903
18949,218750	-51,606194
18992,285156	-54,125996
19035,351562	-53,826950
19078,417969	-54,127758
19121,484375	-55,579529
19164,550781	-55,292332
19207,617188	-53,779533
19250,683594	-51,767166
19293,750000	-54,978859
19336,816406	-57,432083
19379,882812	-54,560978
19422,949219	-55,718616
19466,015625	-57,377308
19509,082031	-55,002495
19552,148438	-53,351849
19595,214844	-54,020893
19638,281250	-54,028019
19681,347656	-54,205467
19724,414062	-53,937069
19767,480469	-53,450031
19810,546875	-52,795483
19853,613281	-53,351406
19896,679688	-55,168385
19939,746094	-54,750717
19982,812500	-57,555748
20025,878906	-59,450798
20068,945312	-60,433807
20112,011719	-60,526520
20155,078125	-59,523319
20198,144531	-57,250164
20241,210938	-57,360653
20284,277344	-56,477180
20327,343750	-55,497261
20370,410156	-56,194790
20413,476562	-55,115337
20456,542969	-53,507740
20499,609375	-52,518505
20542,675781	-52,088726
20585,742188	-51,677074
20628,808594	-53,244389
20671,875000	-52,723793
20714,941406	-55,370541
20758,007812	-57,580917
20801,074219	-58,540825
20844,140625	-62,439987
20887,207031	-59,104301
20930,273438	-56,658894
20973,339844	-58,645870
21016,406250	-64,209267
21059,472656	-58,655434
21102,539062	-59,551735
21145,605469	-58,190010
21188,671875	-55,183384
21231,738281	-58,462070
21274,804688	-59,387585
21317,871094	-58,639496
21360,937500	-55,998234
21404,003906	-57,278473
21447,070312	-59,544090
21490,136719	-58,470039
21533,203125	-63,277576
21576,269531	-61,526253
21619,335938	-58,110580
21662,402344	-59,469028
21705,468750	-62,353199
21748,535156	-62,376488
21791,601562	-60,960129
21834,667969	-64,445175
21877,734375	-64,344070
21920,800781	-63,202698
21963,867188	-64,872559
22006,933594	-64,909874
